4
14
502.000000 9 0 4 1 16180 4
376.000000 13
624.000000 13
874.000000 13
40.000000 13
687.000000 12
935.000000 12
99.000000 12
347.000000 12
376.000000 11
624.000000 11
874.000000 11
40.000000 11
192.000000 10
395.000000 10
591.000000 10
909.000000 9
128.000000 9
459.000000 9
791.000000 9
345.000000 6
677.000000 6
126.000000 5
963.000000 3
-66.000000 7
184.000000 7
430.000000 4
679.000000 4
230.000000 6
434.000000 7 145.000000 0 37
928.000000 4 95.000000 0 37
443.000000 3 185.000000 4 -152
229.000000 8 -3.000000
0 0
0 0
0 0
0 0
0 1
